P3
50 50
255
255 0 0   255 0 0   255 44 0   0 255 21   255 0 0   255 9 0   96 255 0   0 255 144   255 208 0   255 241 0   255 177 0   0 255 51   0 255 65   0 255 156   0 255 163   0 249 255   31 255 0   34 255 0   0 255 159   0 229 255   0 230 255   0 231 255   0 232 255   0 233 255   0 236 255   0 243 255   0 255 175   0 244 255   0 255 126   0 255 142   0 214 255   0 101 255   0 70 255   0 68 255   0 67 255   0 66 255   0 66 255   0 66 255   0 67 255   0 67 255   0 69 255   0 70 255   0 72 255   0 76 255   0 83 255   0 72 255   0 255 242   0 108 255   0 106 255   0 110 255   
255 0 0   255 0 0   255 0 0   255 210 0   125 255 0   255 204 0   255 78 0   152 255 0   153 255 0   255 236 0   255 207 0   0 255 53   27 255 0   255 245 0   0 255 123   0 232 255   0 232 255   0 255 75   27 255 0   140 255 0   3 255 0   0 255 88   0 255 97   0 255 166   0 255 151   62 255 0   0 255 68   0 255 187   0 255 131   0 255 157   0 249 255   0 255 192   0 255 225   0 255 245   0 74 255   0 70 255   0 68 255   0 68 255   0 68 255   0 68 255   0 69 255   0 70 255   0 71 255   0 73 255   0 75 255   0 78 255   0 82 255   0 86 255   0 92 255   0 83 255   
255 0 0   255 0 0   255 0 0   255 0 0   255 0 0   255 169 0   177 255 0   255 241 0   26 255 0   30 255 0   214 255 0   221 255 0   0 255 67   0 255 174   27 255 0   83 255 0   0 255 49   14 255 0   255 254 0   0 255 163   0 230 255   0 255 230   0 226 255   0 226 255   0 223 255   0 216 255   0 212 255   0 211 255   0 211 255   0 212 255   0 217 255   0 255 253   0 255 156   0 255 104   0 251 255   0 255 219   0 110 255   0 73 255   0 71 255   0 70 255   0 70 255   0 71 255   0 72 255   0 73 255   0 75 255   0 78 255   0 81 255   0 129 255   0 144 255   0 87 255   
255 0 0   255 0 0   255 0 0   255 0 0   255 195 0   255 12 0   236 255 0   255 0 0   255 102 0   255 55 0   88 255 0   154 255 0   255 8 0   210 255 0   188 255 0   200 255 0   0 232 255   0 239 255   22 255 0   0 228 255   0 217 255   0 214 255   0 218 255   0 255 131   0 255 129   0 255 240   0 218 255   12 255 0   20 255 0   0 255 248   0 255 84   0 255 223   0 255 175   0 255 239   0 255 223   0 255 173   0 219 255   0 230 255   0 255 244   0 254 255   0 111 255   0 78 255   0 78 255   0 80 255   0 128 255   0 155 255   0 115 255   0 127 255   0 148 255   0 84 255   
255 0 0   255 0 0   255 0 0   255 0 0   255 0 0   173 255 0   255 0 0   209 255 0   255 118 0   255 0 0   255 60 0   255 192 0   0 255 162   0 233 255   0 233 255   255 251 0   0 255 144   0 255 202   0 255 106   0 255 206   0 255 100   0 255 233   0 246 255   0 216 255   0 255 47   91 255 0   0 255 254   0 234 255   0 219 255   0 231 255   0 255 243   0 194 255   0 179 255   0 174 255   0 175 255   0 255 210   0 255 248   0 166 255   0 164 255   0 255 248   0 210 255   0 214 255   0 255 213   0 133 255   0 117 255   0 108 255   0 129 255   0 106 255   0 98 255   0 78 255   
255 0 0   255 0 0   255 0 0   255 0 0   255 0 0   212 255 0   255 0 0   255 232 0   0 255 47   0 255 140   0 241 255   0 234 255   0 238 255   255 206 0   255 194 0   250 255 0   0 255 150   0 255 145   106 255 0   1 255 0   0 255 245   0 218 255   0 220 255   86 255 0   0 245 255   0 255 122   0 242 255   0 255 245   0 192 255   0 174 255   0 175 255   0 216 255   0 157 255   5 255 0   0 255 247   0 202 255   0 204 255   0 255 143   0 228 255   0 152 255   0 131 255   0 122 255   0 113 255   0 107 255   0 105 255   0 123 255   0 154 255   0 103 255   0 101 255   0 73 255   
255 0 0   255 0 0   255 0 0   255 0 0   255 0 0   255 0 0   255 0 0   0 255 8   0 255 249   0 240 255   0 238 255   0 246 255   250 255 0   38 255 0   0 255 43   0 255 241   0 255 55   0 255 201   0 255 195   0 249 255   0 220 255   0 218 255   0 255 192   0 255 144   0 244 255   0 255 159   0 255 205   0 193 255   0 174 255   0 255 164   0 160 255   0 255 249   0 255 249   0 255 223   0 189 255   0 255 248   0 149 255   0 131 255   0 123 255   0 117 255   0 111 255   0 106 255   0 104 255   0 104 255   0 126 255   0 115 255   0 112 255   0 106 255   0 102 255   0 69 255   
255 0 0   255 0 0   255 0 0   255 0 0   255 0 0   255 0 0   255 236 0   0 255 213   0 246 255   0 242 255   0 245 255   0 255 252   0 255 53   255 185 0   109 255 0   12 255 0   0 255 181   0 255 186   0 255 64   0 245 255   0 222 255   0 219 255   0 241 255   52 255 0   0 242 255   0 255 108   0 255 189   0 190 255   0 173 255   0 255 253   0 162 255   0 255 214   0 255 234   0 255 228   0 149 255   0 131 255   0 122 255   0 116 255   0 111 255   0 107 255   0 104 255   0 103 255   0 106 255   0 134 255   0 112 255   0 124 255   0 97 255   0 110 255   0 99 255   0 66 255   
255 0 0   255 0 0   255 0 0   255 0 0   255 0 0   255 0 0   255 0 0   0 255 238   0 249 255   0 246 255   0 250 255   0 255 249   0 255 59   255 234 0   175 255 0   0 255 34   0 255 173   0 255 196   0 255 186   0 255 182   0 255 185   0 226 255   0 220 255   151 255 0   0 255 79   0 255 240   0 255 137   23 255 0   0 176 255   0 255 11   0 166 255   0 255 168   0 255 215   0 148 255   0 130 255   0 121 255   0 115 255   0 110 255   0 106 255   0 105 255   0 105 255   0 111 255   0 255 199   0 111 255   0 123 255   0 131 255   0 96 255   0 114 255   0 95 255   0 63 255   
255 0 0   255 0 0   255 0 0   255 0 0   255 0 0   255 0 0   255 0 0   255 0 0   0 255 254   0 250 255   0 254 255   0 255 230   255 210 0   0 255 46   175 255 0   0 255 30   29 255 0   0 255 156   41 255 0   0 255 39   0 255 151   0 255 163   0 255 193   0 225 255   0 230 255   0 255 144   0 255 191   0 255 224   0 193 255   0 255 190   0 165 255   0 182 255   0 255 172   0 139 255   0 126 255   0 118 255   0 113 255   0 109 255   0 108 255   0 110 255   0 118 255   0 255 232   0 112 255   0 114 255   0 123 255   0 101 255   0 96 255   0 117 255   0 91 255   0 62 255   
255 0 0   255 0 0   255 0 0   255 0 0   255 0 0   255 0 0   255 0 0   255 0 0   0 255 240   0 255 252   0 255 250   179 255 0   121 255 0   255 241 0   255 214 0   0 255 148   255 210 0   0 255 164   0 255 207   0 255 54   5 255 0   0 255 208   0 255 97   0 255 245   0 255 212   0 225 255   0 255 158   0 255 166   0 255 252   0 191 255   0 255 152   0 177 255   0 226 255   0 145 255   0 129 255   0 122 255   0 117 255   0 116 255   0 119 255   0 144 255   0 255 205   0 113 255   0 112 255   0 255 249   0 249 255   0 94 255   0 96 255   0 125 255   0 88 255   0 62 255   
255 0 0   255 0 0   255 0 0   255 0 0   255 0 0   255 0 0   255 0 0   255 0 0   255 0 0   0 255 222   0 255 230   0 255 41   255 206 0   229 255 0   255 236 0   0 255 155   63 255 0   32 255 0   32 255 0   0 225 255   0 218 255   0 215 255   0 213 255   0 211 255   0 214 255   0 255 198   0 255 214   0 235 255   0 255 253   0 234 255   0 199 255   0 255 226   0 255 153   0 255 232   0 148 255   0 137 255   0 136 255   0 150 255   0 208 255   0 255 108   0 115 255   0 111 255   0 121 255   0 126 255   0 120 255   0 93 255   0 96 255   0 127 255   0 86 255   0 240 255   
255 0 0   255 0 0   255 0 0   255 0 0   255 0 0   255 0 0   255 0 0   255 0 0   255 0 0   255 0 0   0 255 230   0 255 245   0 255 245   0 255 243   0 255 243   0 255 248   0 255 254   0 250 255   0 249 255   0 255 249   0 255 187   0 255 31   0 227 255   0 221 255   0 217 255   0 211 255   0 211 255   0 255 198   0 255 232   0 255 0   0 255 213   0 249 255   0 192 255   0 185 255   0 178 255   0 179 255   0 216 255   0 225 255   0 255 206   0 123 255   0 113 255   0 117 255   0 255 244   0 168 255   0 106 255   0 92 255   0 96 255   0 126 255   0 85 255   0 185 255   
255 0 0   255 0 0   255 0 0   255 0 0   255 0 0   255 0 0   255 0 0   255 0 0   255 0 0   255 0 0   255 27 0   0 255 245   0 255 248   0 255 164   255 245 0   255 252 0   0 255 152   141 255 0   243 255 0   255 248 0   0 255 146   0 255 136   38 255 0   0 240 255   0 255 226   0 226 255   0 228 255   0 214 255   0 211 255   0 220 255   0 255 148   0 238 255   0 255 124   0 255 242   0 255 78   0 224 255   0 255 117   0 255 200   0 144 255   0 116 255   0 117 255   0 255 168   0 154 255   0 255 246   0 98 255   0 91 255   0 97 255   0 125 255   0 84 255   0 207 255   
255 0 0   255 0 0   255 0 0   255 0 0   255 0 0   255 0 0   255 0 0   255 0 0   255 0 0   255 0 0   255 0 0   255 210 0   255 220 0   0 255 153   255 243 0   96 255 0   255 154 0   87 255 0   0 255 33   42 255 0   0 255 74   0 255 82   154 255 0   0 255 130   0 255 170   101 255 0   0 255 241   0 231 255   0 255 114   0 255 122   0 216 255   0 214 255   0 215 255   0 255 225   0 255 180   0 255 178   0 255 240   0 255 211   0 131 255   0 123 255   0 150 255   0 255 243   0 230 255   0 123 255   0 95 255   0 91 255   0 97 255   0 123 255   0 84 255   0 105 255   
255 0 0   255 0 0   255 0 0   255 0 0   255 0 0   255 0 0   255 0 0   255 0 0   255 0 0   255 0 0   255 0 0   255 0 0   86 255 0   255 181 0   82 255 0   39 255 0   35 255 0   0 255 12   201 255 0   202 255 0   255 251 0   229 255 0   157 255 0   255 236 0   3 255 0   0 255 135   0 255 133   75 255 0   0 255 1   0 255 242   0 251 255   0 251 255   0 254 255   0 255 235   0 255 178   0 255 200   0 188 255   0 255 247   0 138 255   0 158 255   0 255 162   0 255 235   0 250 255   0 113 255   0 93 255   0 91 255   0 97 255   0 121 255   0 84 255   0 95 255   
255 0 0   255 0 0   255 0 0   255 0 0   255 0 0   255 0 0   255 0 0   255 0 0   255 0 0   255 0 0   255 0 0   255 0 0   255 118 0   81 255 0   16 255 0   216 255 0   255 233 0   255 244 0   112 255 0   255 201 0   0 255 44   0 255 25   213 255 0   0 255 60   0 255 62   0 255 59   0 255 50   34 255 0   251 255 0   255 166 0   64 255 0   0 255 114   0 255 45   106 255 0   0 225 255   0 255 147   0 188 255   0 221 255   14 255 0   0 251 255   0 236 255   0 255 216   0 255 249   0 107 255   0 92 255   0 91 255   0 97 255   0 120 255   0 86 255   0 89 255   
255 0 0   255 0 0   255 0 0   255 0 0   255 0 0   255 0 0   255 0 0   255 0 0   255 0 0   255 0 0   255 0 0   255 0 0   255 0 0   255 230 0   255 243 0   255 138 0   138 255 0   255 222 0   192 255 0   91 255 0   235 255 0   44 255 0   0 255 97   0 255 143   0 255 141   58 255 0   231 255 0   255 254 0   255 0 0   123 255 0   2 255 0   0 255 45   0 255 245   0 255 228   0 255 240   0 255 204   0 186 255   0 188 255   0 226 255   0 255 225   0 255 249   0 255 241   0 147 255   0 103 255   0 91 255   0 91 255   0 97 255   0 118 255   0 89 255   0 86 255   
255 0 0   255 0 0   255 0 0   255 0 0   255 0 0   255 0 0   255 0 0   255 0 0   255 0 0   255 0 0   255 0 0   255 0 0   255 0 0   255 0 0   255 119 0   255 190 0   255 251 0   104 255 0   255 189 0   255 249 0   0 255 16   0 255 138   0 255 136   0 255 81   0 255 28   13 255 0   0 255 99   0 255 57   0 255 16   207 255 0   0 255 71   0 255 248   0 255 225   0 255 225   0 255 82   0 255 210   0 234 255   0 255 254   0 255 233   0 218 255   0 255 209   0 255 252   0 121 255   0 99 255   0 91 255   0 91 255   0 97 255   0 118 255   0 106 255   0 84 255   
255 0 0   255 0 0   255 0 0   255 0 0   255 0 0   255 0 0   255 0 0   255 0 0   255 0 0   255 0 0   255 0 0   255 0 0   255 0 0   255 0 0   255 0 0   255 0 0   255 243 0   255 150 0   255 243 0   255 180 0   111 255 0   0 255 127   0 255 47   0 255 61   0 255 170   56 255 0   0 255 182   0 255 185   0 255 186   0 255 226   0 255 248   0 255 225   0 255 234   0 255 242   0 255 250   0 255 84   0 255 187   0 247 255   0 255 240   0 226 255   0 218 255   0 255 106   0 114 255   0 97 255   0 91 255   0 92 255   0 97 255   0 118 255   0 245 255   0 82 255   
255 0 0   255 0 0   255 0 0   255 0 0   255 0 0   255 0 0   255 0 0   255 0 0   255 0 0   255 0 0   255 0 0   255 0 0   255 0 0   255 0 0   255 0 0   255 0 0   255 107 0   255 189 0   255 229 0   255 232 0   255 202 0   0 255 126   0 255 85   255 229 0   0 255 170   0 255 190   0 255 185   0 255 40   0 255 229   0 255 245   0 255 250   0 255 199   0 255 116   0 255 121   0 255 112   0 255 97   0 255 237   0 255 146   0 219 255   0 216 255   0 255 233   0 208 255   0 110 255   0 96 255   0 91 255   0 92 255   0 98 255   0 118 255   0 255 236   0 82 255   
255 0 0   255 0 0   255 0 0   255 0 0   255 0 0   255 0 0   255 0 0   255 0 0   255 0 0   255 0 0   255 0 0   255 0 0   255 0 0   255 0 0   255 0 0   255 0 0   255 0 0   255 151 0   255 228 0   96 255 0   0 255 81   0 255 131   0 255 132   0 255 31   0 255 64   0 255 171   0 255 190   0 255 69   0 255 223   0 255 242   0 255 249   0 255 244   0 255 195   0 255 169   0 255 199   0 255 241   0 255 128   0 255 247   0 213 255   0 227 255   0 255 194   0 141 255   0 106 255   0 95 255   0 91 255   0 92 255   0 99 255   0 119 255   0 255 171   0 82 255   
255 0 0   255 0 0   255 0 0   255 0 0   255 0 0   255 0 0   255 0 0   255 0 0   255 0 0   255 0 0   255 0 0   255 0 0   255 0 0   255 0 0   255 0 0   255 0 0   255 0 0   255 0 0   255 222 0   255 0 0   255 238 0   0 255 80   0 255 136   0 255 124   0 255 137   0 255 80   205 255 0   0 255 151   0 255 187   0 255 159   0 255 236   0 255 246   0 255 247   0 255 242   0 255 29   0 255 146   87 255 0   0 255 188   0 224 255   0 255 196   0 255 242   0 126 255   0 103 255   0 94 255   0 91 255   0 93 255   0 100 255   0 120 255   0 255 159   0 81 255   
255 0 0   255 0 0   255 0 0   255 0 0   255 0 0   255 0 0   255 0 0   255 0 0   255 0 0   255 0 0   255 0 0   255 0 0   255 0 0   255 0 0   255 0 0   255 0 0   255 0 0   255 202 0   255 144 0   255 220 0   255 186 0   219 255 0   226 255 0   255 217 0   0 255 83   0 255 136   0 255 139   0 255 127   202 255 0   0 255 82   121 255 0   0 255 128   0 255 43   248 255 0   255 216 0   0 255 49   0 255 120   0 239 255   208 255 0   0 253 255   0 189 255   0 116 255   0 101 255   0 93 255   0 91 255   0 94 255   0 101 255   0 123 255   0 255 226   0 82 255   
255 0 0   255 0 0   255 0 0   255 0 0   255 0 0   255 0 0   255 0 0   255 0 0   255 0 0   255 0 0   255 0 0   255 0 0   255 0 0   255 0 0   255 0 0   255 0 0   255 0 0   255 242 0   108 255 0   138 255 0   33 255 0   68 255 0   31 255 0   31 255 0   13 255 0   0 0 0   5 255 0   0 255 67   0 255 68   0 255 64   0 255 46   255 0 0   255 0 0   255 0 0   255 0 0   0 255 128   0 255 3   0 255 137   0 255 247   0 255 239   0 177 255   0 111 255   0 98 255   0 92 255   0 91 255   0 94 255   0 102 255   0 126 255   0 255 127   0 82 255   
255 0 0   255 0 0   255 0 0   255 0 0   255 0 0   255 0 0   255 0 0   255 0 0   255 0 0   255 0 0   255 0 0   255 0 0   255 0 0   255 0 0   255 0 0   255 0 0   255 0 0   255 0 0   255 191 0   34 255 0   42 255 0   35 255 0   112 255 0   255 154 0   0 255 50   90 255 0   0 255 35   0 255 21   98 255 0   255 0 0   255 0 0   255 0 0   255 0 0   255 0 0   109 255 0   0 255 109   35 255 0   0 255 102   0 255 226   0 255 175   0 132 255   0 107 255   0 97 255   0 92 255   0 92 255   0 95 255   0 104 255   0 133 255   0 255 115   0 82 255   
255 0 0   255 0 0   255 0 0   255 0 0   255 0 0   255 0 0   255 0 0   255 0 0   255 0 0   255 0 0   255 0 0   255 0 0   255 0 0   255 0 0   255 0 0   255 0 0   255 0 0   255 0 0   255 226 0   137 255 0   212 255 0   200 255 0   208 255 0   112 255 0   228 255 0   74 255 0   129 255 0   190 255 0   255 0 0   255 0 0   255 0 0   255 0 0   255 0 0   255 0 0   172 255 0   255 244 0   0 255 144   0 255 134   0 255 169   0 189 255   0 122 255   0 104 255   0 95 255   0 92 255   0 93 255   0 97 255   0 106 255   0 162 255   0 255 67   0 82 255   
255 0 0   255 0 0   255 0 0   255 0 0   255 0 0   255 0 0   255 0 0   255 0 0   255 0 0   255 0 0   255 0 0   255 0 0   255 0 0   255 0 0   255 0 0   255 0 0   255 0 0   255 0 0   255 0 0   255 0 0   255 0 0   255 0 0   255 149 0   255 229 0   255 0 0   255 0 0   255 0 0   255 0 0   255 0 0   255 0 0   255 0 0   255 0 0   255 0 0   255 0 0   255 0 0   0 255 86   0 255 109   0 255 187   0 241 255   0 158 255   0 113 255   0 101 255   0 95 255   0 92 255   0 94 255   0 98 255   0 109 255   0 255 243   0 255 177   0 83 255   
255 0 0   255 0 0   255 0 0   255 0 0   255 0 0   255 0 0   255 0 0   255 0 0   255 0 0   255 0 0   255 0 0   255 0 0   255 0 0   255 0 0   255 0 0   255 0 0   255 0 0   255 0 0   255 0 0   255 0 0   255 0 0   255 0 0   255 0 0   255 0 0   255 0 0   255 0 0   255 0 0   255 0 0   255 0 0   255 0 0   255 0 0   255 0 0   255 214 0   255 142 0   142 255 0   101 255 0   0 255 235   0 255 203   0 182 255   0 130 255   0 108 255   0 99 255   0 94 255   0 93 255   0 95 255   0 100 255   0 112 255   0 213 255   0 255 128   0 83 255   
255 0 0   255 0 0   255 0 0   255 0 0   255 0 0   255 0 0   255 0 0   255 0 0   255 0 0   255 0 0   255 0 0   255 0 0   255 0 0   255 0 0   255 0 0   255 0 0   255 0 0   255 0 0   255 0 0   255 0 0   255 0 0   255 0 0   255 0 0   255 0 0   255 0 0   255 0 0   255 0 0   255 0 0   255 0 0   255 0 0   255 0 0   110 255 0   0 255 147   0 255 43   0 255 119   0 255 167   214 255 0   0 242 255   0 255 251   0 120 255   0 104 255   0 97 255   0 94 255   0 93 255   0 96 255   0 103 255   0 116 255   0 182 255   186 255 0   0 83 255   
255 0 0   255 0 0   255 0 0   255 0 0   255 0 0   255 0 0   255 0 0   255 0 0   255 0 0   255 0 0   255 0 0   255 0 0   255 0 0   255 0 0   255 0 0   255 0 0   255 0 0   255 0 0   255 0 0   255 0 0   255 0 0   255 0 0   255 0 0   255 0 0   255 0 0   255 0 0   255 0 0   255 0 0   255 0 0   138 255 0   84 255 0   0 255 172   0 255 177   0 255 170   0 255 18   26 255 0   0 255 68   0 181 255   0 133 255   0 113 255   0 101 255   0 96 255   0 94 255   0 95 255   0 98 255   0 105 255   0 121 255   0 170 255   0 255 190   0 84 255   
255 0 0   255 0 0   255 0 0   255 0 0   255 0 0   255 0 0   255 0 0   255 0 0   255 0 0   255 0 0   255 0 0   255 0 0   255 0 0   255 0 0   255 0 0   255 0 0   255 0 0   255 0 0   255 0 0   255 0 0   255 0 0   255 0 0   255 0 0   255 0 0   255 0 0   255 0 0   255 0 0   46 255 0   12 255 0   0 255 39   0 255 176   0 255 181   0 255 181   0 255 46   0 255 238   0 255 169   0 206 255   0 252 255   0 122 255   0 107 255   0 99 255   0 95 255   0 94 255   0 96 255   0 100 255   0 108 255   0 134 255   0 168 255   0 255 217   0 84 255   
255 0 0   255 0 0   255 0 0   255 0 0   255 0 0   255 0 0   255 0 0   255 0 0   255 0 0   255 0 0   255 0 0   255 0 0   255 0 0   255 0 0   255 0 0   255 0 0   255 0 0   255 0 0   255 0 0   255 0 0   255 0 0   255 0 0   255 0 0   255 0 0   255 0 0   255 183 0   36 255 0   255 247 0   0 255 148   0 255 169   0 255 173   0 255 176   0 255 148   0 255 244   0 255 202   0 255 141   0 186 255   0 131 255   0 115 255   0 104 255   0 98 255   0 95 255   0 95 255   0 98 255   0 103 255   0 112 255   0 255 231   0 190 255   0 218 255   0 85 255   
255 0 0   255 0 0   255 0 0   255 0 0   255 0 0   255 0 0   255 0 0   255 0 0   255 0 0   255 0 0   255 0 0   255 0 0   255 0 0   255 0 0   255 0 0   255 0 0   255 0 0   255 0 0   255 0 0   255 0 0   255 0 0   255 0 0   255 0 0   255 0 0   255 125 0   255 223 0   21 255 0   0 255 140   0 255 127   0 255 148   0 255 152   0 255 148   0 255 234   0 255 203   0 255 190   0 180 255   0 163 255   0 121 255   0 109 255   0 101 255   0 97 255   0 96 255   0 97 255   0 100 255   0 106 255   0 117 255   0 208 255   0 225 255   0 207 255   0 87 255   
255 0 0   255 0 0   255 0 0   255 0 0   255 0 0   255 0 0   255 0 0   255 0 0   255 0 0   255 0 0   255 0 0   255 0 0   255 0 0   255 0 0   255 0 0   255 0 0   255 0 0   255 0 0   255 0 0   255 0 0   255 0 0   255 0 0   255 0 0   255 0 0   72 255 0   221 255 0   16 255 0   251 255 0   0 255 37   0 255 64   0 255 50   0 255 159   0 255 94   0 255 130   0 189 255   0 255 144   0 126 255   0 114 255   0 105 255   0 100 255   0 97 255   0 97 255   0 99 255   0 103 255   0 109 255   0 128 255   0 179 255   0 255 191   0 255 253   0 88 255   
255 0 0   255 0 0   255 0 0   255 0 0   255 0 0   255 0 0   255 0 0   255 0 0   255 0 0   255 0 0   255 0 0   255 0 0   255 0 0   255 0 0   255 0 0   255 0 0   255 0 0   255 0 0   255 0 0   255 0 0   255 0 0   255 0 0   255 0 0   74 255 0   35 255 0   255 228 0   255 252 0   0 255 53   0 255 19   255 249 0   35 255 0   0 255 123   0 255 125   0 202 255   0 255 251   0 134 255   0 118 255   0 109 255   0 103 255   0 99 255   0 98 255   0 99 255   0 101 255   0 105 255   0 113 255   0 163 255   0 166 255   0 255 204   0 255 208   0 91 255   
255 0 0   255 0 0   255 0 0   255 0 0   255 0 0   255 0 0   255 0 0   255 0 0   255 0 0   255 0 0   255 0 0   255 0 0   255 0 0   255 0 0   255 0 0   255 0 0   255 0 0   255 0 0   255 0 0   255 0 0   255 0 0   255 0 0   255 0 0   43 255 0   0 255 30   0 255 38   47 255 0   255 241 0   255 170 0   0 255 218   0 255 208   0 255 134   0 215 255   0 187 255   0 150 255   0 121 255   0 112 255   0 106 255   0 101 255   0 99 255   0 99 255   0 100 255   0 103 255   0 108 255   0 121 255   0 255 203   0 168 255   0 255 195   0 229 255   0 95 255   
255 0 0   255 0 0   255 0 0   255 0 0   255 0 0   255 0 0   255 0 0   255 0 0   255 0 0   255 0 0   255 0 0   255 0 0   255 0 0   255 0 0   255 0 0   255 0 0   255 0 0   255 0 0   255 0 0   255 0 0   255 0 0   255 0 0   255 0 0   255 83 0   0 255 37   255 126 0   255 208 0   72 255 0   0 255 223   0 255 216   0 255 130   0 255 237   0 183 255   0 171 255   0 124 255   0 115 255   0 108 255   0 104 255   0 101 255   0 100 255   0 101 255   0 103 255   0 106 255   0 113 255   0 140 255   0 223 255   0 196 255   0 255 176   0 99 255   0 100 255   
255 0 0   255 0 0   255 0 0   255 0 0   255 0 0   255 0 0   255 0 0   255 0 0   255 0 0   255 0 0   255 0 0   255 0 0   255 0 0   255 0 0   255 0 0   255 0 0   255 0 0   255 0 0   255 0 0   255 0 0   255 0 0   255 0 0   255 0 0   255 0 0   255 0 0   255 166 0   255 151 0   0 255 26   0 255 166   255 249 0   0 255 117   0 183 255   0 255 182   0 128 255   0 117 255   0 111 255   0 106 255   0 103 255   0 101 255   0 101 255   0 102 255   0 105 255   0 109 255   0 121 255   0 255 153   0 167 255   0 247 255   0 255 251   0 96 255   0 109 255   
255 0 0   255 0 0   255 0 0   255 0 0   255 0 0   255 0 0   255 0 0   255 0 0   255 0 0   255 0 0   255 0 0   255 0 0   255 0 0   255 0 0   255 0 0   255 0 0   255 0 0   255 0 0   255 0 0   255 0 0   255 0 0   255 0 0   255 0 0   255 0 0   255 192 0   0 255 81   255 202 0   255 247 0   255 248 0   0 255 244   0 184 255   0 255 213   0 133 255   0 119 255   0 112 255   0 108 255   0 105 255   0 103 255   0 102 255   0 103 255   0 105 255   0 108 255   0 115 255   0 140 255   0 255 253   0 164 255   0 255 198   0 209 255   0 97 255   0 235 255   
255 0 0   255 0 0   255 0 0   255 0 0   255 0 0   255 0 0   255 0 0   255 0 0   255 0 0   255 0 0   255 0 0   255 0 0   255 0 0   255 0 0   255 0 0   255 0 0   255 0 0   255 0 0   255 0 0   255 0 0   255 0 0   255 0 0   255 0 0   255 0 0   255 238 0   0 255 178   0 255 189   255 235 0   0 255 224   0 185 255   0 255 162   0 141 255   0 121 255   0 114 255   0 110 255   0 106 255   0 104 255   0 104 255   0 104 255   0 105 255   0 107 255   0 113 255   0 125 255   0 255 183   0 175 255   0 177 255   0 255 130   0 199 255   0 98 255   0 222 255   
255 0 0   255 0 0   255 0 0   255 0 0   255 0 0   255 0 0   255 0 0   255 0 0   255 0 0   255 0 0   255 0 0   255 0 0   255 0 0   255 0 0   255 0 0   255 0 0   255 0 0   255 0 0   255 0 0   255 0 0   255 0 0   255 0 0   255 0 0   255 0 0   255 0 0   0 255 183   132 255 0   0 255 142   0 189 255   0 255 119   0 151 255   0 125 255   0 116 255   0 111 255   0 108 255   0 106 255   0 105 255   0 105 255   0 105 255   0 107 255   0 112 255   0 121 255   0 154 255   0 227 255   0 163 255   0 203 255   0 255 70   0 215 255   0 101 255   0 255 237   
255 0 0   255 0 0   255 0 0   255 0 0   255 0 0   255 0 0   255 0 0   255 0 0   255 0 0   255 0 0   255 0 0   255 0 0   255 0 0   255 0 0   255 0 0   255 0 0   255 0 0   255 0 0   255 0 0   255 0 0   255 0 0   255 0 0   255 0 0   255 0 0   255 0 0   45 255 0   255 139 0   0 196 255   0 209 255   0 181 255   0 131 255   0 120 255   0 114 255   0 110 255   0 108 255   0 106 255   0 106 255   0 107 255   0 108 255   0 112 255   0 119 255   0 141 255   0 228 255   0 179 255   0 165 255   0 255 44   0 255 97   0 255 221   0 106 255   0 255 253   
255 0 0   255 0 0   255 0 0   255 0 0   255 0 0   255 0 0   255 0 0   255 0 0   255 0 0   255 0 0   255 0 0   255 0 0   255 0 0   255 0 0   255 0 0   255 0 0   255 0 0   255 0 0   255 0 0   255 0 0   255 0 0   255 0 0   255 0 0   255 0 0   255 0 0   255 0 0   0 227 255   0 201 255   21 255 0   0 142 255   0 125 255   0 117 255   0 113 255   0 110 255   0 109 255   0 108 255   0 108 255   0 110 255   0 113 255   0 120 255   0 136 255   0 228 255   0 255 239   0 163 255   0 180 255   104 255 0   0 255 237   0 255 248   0 111 255   0 255 244   
255 0 0   255 0 0   255 0 0   255 0 0   255 0 0   255 0 0   255 0 0   255 0 0   255 0 0   255 0 0   255 0 0   255 0 0   255 0 0   255 0 0   255 0 0   255 0 0   255 0 0   255 0 0   255 0 0   255 0 0   255 0 0   255 0 0   255 0 0   255 0 0   255 0 0   0 255 117   0 205 255   255 115 0   0 166 255   0 134 255   0 123 255   0 117 255   0 114 255   0 112 255   0 111 255   0 111 255   0 113 255   0 116 255   0 122 255   0 138 255   0 197 255   0 217 255   0 172 255   0 162 255   0 201 255   0 255 71   0 209 255   0 255 223   0 119 255   0 232 255   
255 0 0   255 0 0   255 0 0   255 0 0   255 0 0   255 0 0   255 0 0   255 0 0   255 0 0   255 0 0   255 0 0   255 0 0   255 0 0   255 0 0   255 0 0   255 0 0   255 0 0   255 0 0   255 0 0   255 0 0   255 0 0   255 0 0   255 0 0   255 0 0   255 0 0   255 216 0   0 223 255   58 255 0   0 152 255   0 133 255   0 124 255   0 120 255   0 117 255   0 115 255   0 116 255   0 117 255   0 120 255   0 127 255   0 143 255   0 255 234   0 214 255   0 212 255   0 161 255   0 171 255   0 252 255   0 255 179   0 201 255   0 255 247   0 255 194   0 238 255   
255 0 0   255 0 0   255 0 0   255 0 0   255 0 0   255 0 0   255 0 0   255 0 0   255 0 0   255 0 0   255 0 0   255 0 0   255 0 0   255 0 0   255 0 0   255 0 0   255 0 0   255 0 0   255 0 0   255 0 0   255 0 0   255 0 0   255 0 0   255 0 0   255 0 0   255 228 0   0 255 113   255 232 0   0 152 255   0 137 255   0 129 255   0 125 255   0 123 255   0 122 255   0 124 255   0 128 255   0 137 255   0 149 255   0 223 255   0 217 255   0 210 255   0 164 255   0 162 255   0 189 255   0 255 137   0 255 180   0 199 255   0 255 239   255 0 0   89 255 0   
255 0 0   255 0 0   255 0 0   255 0 0   255 0 0   255 0 0   255 0 0   255 0 0   255 0 0   255 0 0   255 0 0   255 0 0   255 0 0   255 0 0   255 0 0   255 0 0   255 0 0   255 0 0   255 0 0   255 0 0   255 0 0   255 0 0   255 0 0   255 0 0   255 0 0   255 0 0   255 169 0   155 255 0   0 255 149   0 145 255   0 138 255   0 135 255   0 134 255   0 136 255   0 140 255   0 147 255   0 166 255   0 255 241   0 237 255   0 255 167   0 167 255   0 160 255   0 170 255   0 217 255   0 255 85   0 255 247   0 199 255   0 222 255   0 255 43   0 255 210   
255 0 0   255 0 0   255 0 0   255 0 0   255 0 0   255 0 0   255 0 0   255 0 0   255 0 0   255 0 0   255 0 0   255 0 0   255 0 0   255 0 0   255 0 0   255 0 0   255 0 0   255 0 0   255 0 0   255 0 0   255 0 0   255 0 0   255 0 0   255 0 0   255 0 0   255 0 0   255 111 0   255 0 0   0 255 111   0 255 153   0 156 255   0 151 255   0 151 255   0 157 255   0 255 174   0 255 222   0 255 248   0 255 40   0 206 255   0 167 255   0 159 255   0 164 255   0 186 255   0 251 255   255 232 0   0 255 250   0 204 255   0 201 255   0 213 255   0 215 255   
255 0 0   255 0 0   255 0 0   255 0 0   255 0 0   255 0 0   255 0 0   255 0 0   255 0 0   255 0 0   255 0 0   255 0 0   255 0 0   255 0 0   255 0 0   255 0 0   255 0 0   255 0 0   255 0 0   255 0 0   255 0 0   255 0 0   255 0 0   255 0 0   255 0 0   255 0 0   255 0 0   255 4 0   255 149 0   15 255 0   144 255 0   0 255 233   0 255 198   0 255 239   0 255 151   0 255 6   0 255 237   0 194 255   0 166 255   0 159 255   0 161 255   0 174 255   0 203 255   0 255 67   23 255 0   0 255 250   0 217 255   0 214 255   0 228 255   0 255 81   
